overall rmse 0.1040 bias -0.0022 n 271384

--- by reg
          n    rmse    bias
reg                        
0     36249  0.1013 -0.0093
B    101100  0.1179 -0.0001
T    134035  0.0931 -0.0019

--- by group
             n    rmse    bias
group                         
30618   206417  0.1008 -0.0035
30639a   32200  0.1156  0.0078
30639b   32767  0.1120 -0.0040

--- by vb
              n    rmse    bias
vb                             
(0, 1]    20821  0.1309 -0.0182
(1, 2]    16983  0.1927  0.0175
(2, 4]    58007  0.1047 -0.0120
(4, 6]    35122  0.1022  0.0035
(6, 8]    38810  0.1032 -0.0042
(8, 10]   51521  0.0724 -0.0021
(10, 12]  27331  0.0754  0.0092
(12, 16]  22404  0.0688  0.0050

--- by tscb
                          n    rmse    bias
tscb                                       
[0.0, 0.25)          114269  0.1227 -0.0039
[0.25, 0.5)           39547  0.1091 -0.0035
[0.5, 1.0)            43228  0.0869 -0.0013
[1.0, 2.0)            38075  0.0787  0.0007
[2.0, 4.0)            25170  0.0789  0.0023
[4.0, 1000000000.0)   11095  0.0492 -0.0040

--- by transition x time-since-change
                n                                                                         rmse                                                                         bias                                                                 
tscb  [0.0, 0.25) [0.25, 0.5) [0.5, 1.0) [1.0, 2.0) [2.0, 4.0) [4.0, 1000000000.0) [0.0, 0.25) [0.25, 0.5) [0.5, 1.0) [1.0, 2.0) [2.0, 4.0) [4.0, 1000000000.0) [0.0, 0.25) [0.25, 0.5) [0.5, 1.0) [1.0, 2.0) [2.0, 4.0) [4.0, 1000000000.0)
trans                                                                                                                                                                                                                                       
0->B       5061.0      2302.0     2311.0     1804.0      549.0               483.0      0.0850      0.1163     0.1206     0.0780     0.0802              0.0774      0.0476      0.0677     0.0450    -0.0422    -0.0749             -0.0685
0->T       6124.0      2094.0     2745.0     2825.0     2071.0               626.0      0.0874      0.1060     0.0980     0.0769     0.0786              0.0539     -0.0407     -0.0657    -0.0448     0.0351     0.0348              0.0213
B->0       3852.0      1946.0     2248.0     2232.0     1836.0               902.0      0.0930      0.0922     0.1056     0.1456     0.1892              0.0373     -0.0477     -0.0338     0.0093     0.0106    -0.0042              0.0072
B->B      30438.0     12209.0    13885.0    15116.0    11527.0              5404.0      0.1600      0.1415     0.0946     0.0769     0.0562              0.0467      0.0019     -0.0091    -0.0128    -0.0077     0.0001             -0.0021
B->T          2.0         NaN        NaN        NaN        NaN                 NaN      0.1343         NaN        NaN        NaN        NaN                 NaN     -0.1136         NaN        NaN        NaN        NaN                 NaN
T->0       6674.0      3335.0     4373.0     4099.0     3146.0              1606.0      0.1341      0.0805     0.0701     0.0494     0.0464              0.0433      0.0074     -0.0273    -0.0304     0.0029     0.0087              0.0017
T->B         11.0         NaN        NaN        NaN        NaN                 NaN      0.1042         NaN        NaN        NaN        NaN                 NaN      0.0713         NaN        NaN        NaN        NaN                 NaN
T->T      62107.0     17661.0    17666.0    11999.0     6041.0              2074.0      0.1066      0.0869     0.0736     0.0715     0.0723              0.0543     -0.0057      0.0064     0.0142     0.0071     0.0008             -0.0106

--- by notch
u          -15        -14        -13       -12       -11       -10       -9         -8         -7         -6          -5          -4          -3          -2          -1           0           1           2           3           4          5          6          7          8          9          10         11         12         13         14         15
n     457.0000  1485.0000  1235.0000  978.0000  886.0000  863.0000  957.0000  1917.0000  4695.0000  7653.0000  14060.0000  18175.0000  14697.0000  12636.0000  20406.0000  36249.0000  26139.0000  14663.0000  15258.0000  10925.0000  6963.0000  6995.0000  6827.0000  7217.0000  9126.0000  8132.0000  5586.0000  4529.0000  4031.0000  2979.0000  4665.0000
rmse    0.7336     0.4272     0.3160    0.2621    0.2028    0.1770    0.1530     0.0918     0.0643     0.0632      0.0673      0.0811      0.0866      0.0900      0.0854      0.1013      0.1148      0.1054      0.0943      0.0866     0.0937     0.0921     0.1023     0.0936     0.0849     0.0680     0.0665     0.0655     0.0613     0.0553     0.0456
bias    0.1203    -0.0620    -0.0659   -0.0497   -0.0452   -0.0228   -0.0141    -0.0030     0.0137     0.0062     -0.0007     -0.0030     -0.0022      0.0054      0.0076     -0.0093     -0.0022     -0.0062     -0.0075     -0.0092    -0.0027     0.0007    -0.0009     0.0215     0.0077    -0.0103    -0.0051    -0.0036     0.0036     0.0041     0.0023

share of squared error by regime: reg
0    0.127
B    0.478
T    0.395