30639_3b3d9eb8 cur: along_rmse 3.007  fixes 25
30639_3b3d9eb8 mix: along_rmse 3.112  fixes 25
30639_3b3d9eb8 q0: along_rmse 2.962  fixes 25
30639_3b3d9eb8 oracle: along_rmse 3.007  fixes 25
30639_9c362687 cur: along_rmse 12.998  fixes 22
30639_9c362687 mix: along_rmse 12.998  fixes 22
30639_9c362687 q0: along_rmse 12.909  fixes 22
30639_9c362687 oracle: along_rmse 12.998  fixes 22
30618_e3d94878 cur: along_rmse 1.165  fixes 12
30618_e3d94878 mix: along_rmse 1.165  fixes 12
30618_e3d94878 q0: along_rmse 1.162  fixes 12
30618_e3d94878 oracle: along_rmse 1.165  fixes 12
30618_2f104a1d cur: along_rmse 0.406  fixes 19
30618_2f104a1d mix: along_rmse 0.406  fixes 19
30618_2f104a1d q0: along_rmse 0.407  fixes 19
30618_2f104a1d oracle: along_rmse 0.408  fixes 19
30618_b95ca60a cur: along_rmse 2.224  fixes 17
30618_b95ca60a mix: along_rmse 2.224  fixes 17
30618_b95ca60a q0: along_rmse 2.216  fixes 17
30618_b95ca60a oracle: along_rmse 2.224  fixes 17
30618_0f120b35 cur: along_rmse 0.661  fixes 17
30618_0f120b35 mix: along_rmse 0.661  fixes 17
30618_0f120b35 q0: along_rmse 0.606  fixes 17
30618_0f120b35 oracle: along_rmse 0.655  fixes 17
30618_f19a4ac3 cur: along_rmse 0.946  fixes 18
30618_f19a4ac3 mix: along_rmse 0.946  fixes 18
30618_f19a4ac3 q0: along_rmse 0.939  fixes 18
30618_f19a4ac3 oracle: along_rmse 0.946  fixes 18
30618_22c1c589 cur: along_rmse 0.470  fixes 15
30618_22c1c589 mix: along_rmse 0.470  fixes 15
30618_22c1c589 q0: along_rmse 0.470  fixes 15
30618_22c1c589 oracle: along_rmse 0.475  fixes 15
30618_616ec56b cur: along_rmse 6.338  fixes 21
30618_616ec56b mix: along_rmse 6.338  fixes 21
30618_616ec56b q0: along_rmse 6.328  fixes 21
30618_616ec56b oracle: along_rmse 6.338  fixes 21
30618_6cb3280a cur: along_rmse 0.543  fixes 17
30618_6cb3280a mix: along_rmse 0.543  fixes 17
30618_6cb3280a q0: along_rmse 0.539  fixes 17
30618_6cb3280a oracle: along_rmse 0.544  fixes 17
30618_2366c74a cur: along_rmse 1.022  fixes 18
30618_2366c74a mix: along_rmse 1.022  fixes 18
30618_2366c74a q0: along_rmse 0.936  fixes 18
30618_2366c74a oracle: along_rmse 0.992  fixes 18
30639_d927f360 cur: along_rmse 1.098  fixes 21
30639_d927f360 mix: along_rmse 1.098  fixes 21
30639_d927f360 q0: along_rmse 1.301  fixes 21
30639_d927f360 oracle: along_rmse 1.098  fixes 21
30639_2b4a6347 cur: along_rmse 0.592  fixes 19
30639_2b4a6347 mix: along_rmse 0.592  fixes 19
30639_2b4a6347 q0: along_rmse 0.699  fixes 19
30639_2b4a6347 oracle: along_rmse 0.599  fixes 19
30618_01f73500 cur: along_rmse 1.426  fixes 19
30618_01f73500 mix: along_rmse 1.430  fixes 19
30618_01f73500 q0: along_rmse 1.422  fixes 19
30618_01f73500 oracle: along_rmse 1.426  fixes 19
30618_dd8d0741 cur: along_rmse 1.960  fixes 21
30618_dd8d0741 mix: along_rmse 1.962  fixes 21
30618_dd8d0741 q0: along_rmse 1.976  fixes 21
30618_dd8d0741 oracle: along_rmse 1.960  fixes 21
30618_a53d5f6f cur: along_rmse 1.174  fixes 25
30618_a53d5f6f mix: along_rmse 1.183  fixes 26
30618_a53d5f6f q0: along_rmse 1.174  fixes 25
30618_a53d5f6f oracle: along_rmse 1.174  fixes 25
30618_defd0170 cur: along_rmse 9.401  fixes 19
30618_defd0170 mix: along_rmse 9.401  fixes 19
30618_defd0170 q0: along_rmse 9.411  fixes 19
30618_defd0170 oracle: along_rmse 9.401  fixes 19

along_rmse [m] per val bag
variant            cur     mix  oracle      q0  mix-cur  q0-cur  oracle-cur  ref_good
bag                                                                                  
30618_01f73500   1.426   1.430   1.426   1.422    0.004  -0.004       0.000      True
30618_0f120b35   0.661   0.661   0.655   0.606    0.000  -0.055      -0.007      True
30618_22c1c589   0.470   0.470   0.475   0.470    0.000   0.000       0.005      True
30618_2366c74a   1.022   1.022   0.992   0.936    0.000  -0.086      -0.030     False
30618_2f104a1d   0.406   0.406   0.408   0.407    0.000   0.001       0.002      True
30618_616ec56b   6.338   6.338   6.338   6.328    0.000  -0.011       0.000      True
30618_6cb3280a   0.543   0.543   0.544   0.539    0.000  -0.004       0.001      True
30618_a53d5f6f   1.174   1.183   1.174   1.174    0.009   0.000       0.000      True
30618_b95ca60a   2.224   2.224   2.224   2.216    0.000  -0.007       0.000      True
30618_dd8d0741   1.960   1.962   1.960   1.976    0.002   0.015       0.000      True
30618_defd0170   9.401   9.401   9.401   9.411    0.000   0.010       0.000     False
30618_e3d94878   1.165   1.165   1.165   1.162    0.000  -0.003       0.000      True
30618_f19a4ac3   0.946   0.946   0.946   0.939    0.000  -0.007       0.000      True
30639_2b4a6347   0.592   0.592   0.599   0.699    0.000   0.106       0.007     False
30639_3b3d9eb8   3.007   3.112   3.007   2.962    0.105  -0.046       0.000     False
30639_9c362687  12.998  12.998  12.998  12.909    0.000  -0.089      -0.000     False
30639_d927f360   1.098   1.098   1.098   1.301    0.000   0.204       0.000      True
mean along_rmse: {'cur': 2.6725, 'mix': 2.6795, 'q0': 2.6739, 'oracle': 2.6712} | GOOD-REF (12 bags): {'cur': 1.5342, 'mix': 1.5354, 'q0': 1.545, 'oracle': 1.5344}

p3_rmse [m] per val bag
variant            cur     mix  oracle      q0  mix-cur  q0-cur  oracle-cur  ref_good
bag                                                                                  
30618_01f73500   2.322   2.325   2.322   2.320    0.003  -0.002       0.000      True
30618_0f120b35   0.714   0.714   0.708   0.663    0.000  -0.051      -0.006      True
30618_22c1c589   0.625   0.625   0.629   0.625    0.000   0.000       0.004      True
30618_2366c74a   3.146   3.146   3.137   3.120    0.000  -0.026      -0.009     False
30618_2f104a1d   0.420   0.420   0.422   0.420    0.000   0.001       0.002      True
30618_616ec56b   6.555   6.555   6.555   6.545    0.000  -0.010       0.000      True
30618_6cb3280a   1.299   1.299   1.299   1.297    0.000  -0.002       0.001      True
30618_a53d5f6f   1.228   1.236   1.228   1.228    0.008   0.000       0.000      True
30618_b95ca60a   2.558   2.558   2.558   2.551    0.000  -0.006       0.000      True
30618_dd8d0741   2.045   2.046   2.045   2.059    0.002   0.015       0.000      True
30618_defd0170   9.789   9.789   9.789   9.799    0.000   0.010       0.000     False
30618_e3d94878   7.061   7.061   7.062   7.061    0.000  -0.001       0.000      True
30618_f19a4ac3   4.298   4.298   4.298   4.297    0.000  -0.002       0.000      True
30639_2b4a6347   2.270   2.270   2.272   2.300    0.000   0.030       0.002     False
30639_3b3d9eb8   6.948   6.994   6.948   6.928    0.046  -0.020       0.000     False
30639_9c362687  25.337  25.337  25.337  25.292    0.000  -0.045      -0.000     False
30639_d927f360   1.099   1.099   1.099   1.303    0.000   0.204       0.000      True
mean p3_rmse: {'cur': 4.5715, 'mix': 4.5749, 'q0': 4.5771, 'oracle': 4.5711} | GOOD-REF (12 bags): {'cur': 2.5187, 'mix': 2.5197, 'q0': 2.5309, 'oracle': 2.5188}

end_err [m] per val bag
variant            cur     mix  oracle      q0  mix-cur  q0-cur  oracle-cur  ref_good
bag                                                                                  
30618_01f73500   0.722   0.720   0.722   0.720   -0.002  -0.002       0.000      True
30618_0f120b35   0.285   0.285   0.111   0.344    0.000   0.059      -0.174      True
30618_22c1c589   0.373   0.373   0.568   0.375    0.000   0.002       0.195      True
30618_2366c74a   1.466   1.466   1.086   0.325    0.000  -1.141      -0.381     False
30618_2f104a1d   0.237   0.237   0.416   0.237    0.000   0.000       0.179      True
30618_616ec56b   0.499   0.499   0.503   0.703    0.000   0.205       0.004      True
30618_6cb3280a   2.447   2.447   2.446   2.446    0.000  -0.001      -0.001      True
30618_a53d5f6f   0.061   0.055   0.061   0.060   -0.006  -0.000       0.000      True
30618_b95ca60a   4.591   4.591   4.592   4.590    0.000  -0.001       0.001      True
30618_dd8d0741   0.718   0.713   0.718   0.718   -0.004   0.000       0.000      True
30618_defd0170   2.295   2.295   2.295   2.288    0.000  -0.007       0.000     False
30618_e3d94878   0.431   0.431   0.442   0.444    0.000   0.012       0.010      True
30618_f19a4ac3   0.562   0.562   0.567   0.559    0.000  -0.003       0.005      True
30639_2b4a6347   1.706   1.706   1.783   1.702    0.000  -0.004       0.077     False
30639_3b3d9eb8   5.089   5.089   5.089   5.139   -0.000   0.050       0.000     False
30639_9c362687  12.394  12.394  12.385  12.385    0.000  -0.010      -0.010     False
30639_d927f360   0.371   0.371   0.384   0.333    0.000  -0.038       0.012      True
mean end_err: {'cur': 2.0145, 'mix': 2.0138, 'q0': 1.9628, 'oracle': 2.0098} | GOOD-REF (12 bags): {'cur': 0.9414, 'mix': 0.9404, 'q0': 0.9608, 'oracle': 0.9608}

fix attempts that differ, cur vs mix: 25 of 350
                             s_true_cur  err_pred_cur  sd_cur  n_cur  p_known_cur  err_after_cur  err_pred_mix  sd_mix  n_mix  p_known_mix  err_after_mix
bag            t                                                                                                                                         
30618_01f73500 1.787732e+09     3000.62          1.18    5.07      1         0.92           0.02          1.18    5.07      2         0.93           0.67
               1.787732e+09     3005.74         -0.04    1.02      0         0.00          -0.02          0.66    1.94      2         0.74          -0.03
               1.787732e+09     3433.70          0.20    2.22      2         0.93          -0.09          0.20    2.61      2         0.93          -0.04
               1.787732e+09     3707.04         -0.44    1.75      1         0.98           3.88         -0.34    1.98      1         0.98           3.94
30618_a53d5f6f 1.787738e+09     3000.66          0.74    4.80      1         0.93          -0.04          0.74    4.80      2         0.93           0.54
               1.787738e+09     3221.47          0.03    1.63      1         0.84           0.01          0.63    2.38      1         0.83           0.14
               1.787738e+09     3433.93          0.07    1.45      1         0.92          -0.23          0.27    1.67      1         0.92          -0.30
30618_dd8d0741 1.787734e+09    11052.69          0.01    1.09      1         0.33          -0.02          0.01    1.01      1         0.30          -0.02
               1.787734e+09    11052.69          0.01    1.01      1         0.30          -0.02          0.01    1.09      1         0.33          -0.02
               1.787735e+09         NaN           NaN    5.01      1         0.91            NaN           NaN    5.01      2         0.92            NaN
               1.787735e+09     3439.68          0.32    0.84      1         0.78           0.01          0.52    1.20      1         0.77           0.02
               1.787735e+09     3577.98          0.02    1.20      1         0.52           0.04          0.02    1.30      1         0.54           0.05
30618_defd0170 1.788422e+09         NaN           NaN    1.06      1         0.52            NaN           NaN    1.16      1         0.49            NaN
               1.788422e+09         NaN           NaN    1.06      1         0.52            NaN           NaN    1.19      1         0.50            NaN
               1.788422e+09         NaN           NaN    1.16      1         0.49            NaN           NaN    1.06      1         0.52            NaN
               1.788422e+09         NaN           NaN    1.16      1         0.49            NaN           NaN    1.19      1         0.50            NaN
               1.788422e+09         NaN           NaN    1.19      1         0.50            NaN           NaN    1.06      1         0.52            NaN
               1.788422e+09         NaN           NaN    1.19      1         0.50            NaN           NaN    1.16      1         0.49            NaN
30639_3b3d9eb8 1.777968e+09         NaN           NaN    7.66      1         0.90            NaN           NaN    7.66      2         0.90            NaN
               1.777968e+09         NaN           NaN    2.96      0         0.00            NaN           NaN    3.25      2         0.57            NaN
               1.777968e+09         NaN           NaN    3.39      1         0.73            NaN           NaN    3.67      1         0.72            NaN
               1.777968e+09         NaN           NaN    2.89      2         0.92            NaN           NaN    3.16      2         0.93            NaN
               1.777969e+09         NaN           NaN    1.03      1         0.64            NaN           NaN    1.03      1         0.65            NaN
30639_d927f360 1.787725e+09     5647.89          0.01    1.06      1         0.19          -0.01          0.01    1.01      1         0.17          -0.01
               1.787725e+09     5647.89          0.01    1.01      1         0.17          -0.01          0.01    1.06      1         0.19          -0.01

fix attempts that differ, cur vs q0: 141 of 349
                             s_true_cur  err_pred_cur  sd_cur  n_cur  p_known_cur  err_after_cur  err_pred_q0  sd_q0  n_q0  p_known_q0  err_after_q0
bag            t                                                                                                                                    
30618_01f73500 1.787732e+09      351.80          0.50    2.55      1         0.96           2.64         0.50   2.21     1        0.95          2.64
               1.787732e+09      881.32         -0.12    2.41      2         0.92           0.06        -0.12   1.80     1        0.92          0.03
               1.787732e+09      888.02         -0.02    0.75      1         0.67          -0.01        -0.02   0.61     1        0.68         -0.02
               1.787732e+09     3433.70          0.20    2.22      2         0.93          -0.09         0.20   1.18     1        0.92         -0.16
               1.787732e+09     3707.04         -0.44    1.75      1         0.98           3.88        -0.44   0.69     1        0.98          3.79
               1.787732e+09     4100.51          0.59    1.89      1         0.91           0.14         0.49   0.60     1        0.88          0.13
               1.787733e+09         NaN           NaN    2.07      1         0.92            NaN          NaN   0.69     1        0.93           NaN
               1.787733e+09     4997.29         -0.19    1.91      1         0.92          -0.13        -0.19   0.53     1        0.93         -0.13
               1.787733e+09     5217.69         -0.09    1.39      1         0.92          -0.09        -0.09   0.41     1        0.94         -0.09
30618_0f120b35 1.785151e+09     5713.40         -0.10    0.70      1         0.67          -0.03        -0.10   0.55     1        0.68         -0.02
               1.785151e+09     7650.74          0.36    2.26      2         0.92           0.00         0.36   0.77     1        0.92         -0.03
               1.785151e+09     7819.03         -0.13    1.34      1         0.85          -0.14        -0.13   0.49     1        0.87         -0.15
               1.785151e+09     8475.26         -0.16    1.85      1         0.63          -0.25        -0.16   0.51     1        0.53         -0.14
               1.785151e+09    10204.20         -1.50    4.01      1         0.92          -0.24        -1.20   1.54     1        0.90         -0.22
               1.785152e+09         NaN           NaN    2.00      1         0.82            NaN          NaN   0.57     0        0.00           NaN
               1.785152e+09         NaN           NaN    0.72      1         0.89            NaN          NaN   0.57     1        0.92           NaN
30618_22c1c589 1.785171e+09     6763.28         -0.18    1.63      1         0.81          -0.08        -0.18   0.72     1        0.83         -0.08
               1.785171e+09     7087.78          0.02    1.74      1         0.91           0.37         0.02   0.64     1        0.90          0.36
               1.785172e+09     7650.48          0.62    2.24      2         0.92           0.25         0.62   0.72     1        0.92          0.22
               1.785172e+09     8081.50         -0.10    1.54      1         0.92          -0.15        -0.10   0.46     1        0.93         -0.13
               1.785172e+09    10960.85         -0.25    2.60      1         0.93          -0.09        -0.25   0.83     1        0.92         -0.09
               1.785172e+09    11053.54         -0.44    1.03      1         0.38          -0.39        -0.44   0.56     1        0.34         -0.40
30618_2366c74a 1.786384e+09         NaN           NaN    1.87      1         0.92            NaN          NaN   1.10     1        0.91           NaN
               1.786384e+09         NaN           NaN    0.64      1         0.77            NaN          NaN   0.58     1        0.78           NaN
               1.786385e+09    10496.74          0.16    1.68      1         0.88           0.01         0.16   0.68     1        0.89          0.01
               1.786385e+09    10957.96          0.14    2.01      1         0.84           1.26         0.14   0.57     0        0.00          0.13
               1.786385e+09    10958.57          1.43    0.67      1         0.89           1.85         0.33   0.57     1        0.40          0.30
               1.786385e+09    10960.59          1.71    0.51      1         0.71           1.26         0.11   0.57     1        0.92          0.18
               1.786385e+09    10999.80          2.70    0.77      0         0.00           2.72         1.60   0.45     0        0.00          1.62
               1.786385e+09    11026.39          2.41    0.90      0         0.00           2.48         1.31   0.46     0        0.00          1.36
               1.786385e+09        0.03          1.47    1.02      1         0.25           1.47         0.37   0.47     1        0.44          0.33
30618_2f104a1d 1.785135e+09     5713.36          0.04    0.91      1         0.66           0.07         0.04   0.80     1        0.67          0.07
               1.785136e+09     7088.55         -0.85    2.38      1         0.91          -0.36        -0.85   0.95     1        0.90         -0.37
               1.785136e+09     7650.59         -0.79    2.27      1         0.92          -0.22        -0.79   0.83     1        0.91         -0.22
               1.785136e+09     8081.05         -0.25    1.91      1         0.92          -0.04        -0.35   0.53     1        0.91         -0.04
30618_616ec56b 1.785177e+09     5947.10         -1.20    1.14      1         0.96           4.55        -1.10   0.83     1        0.94          4.53
               1.785177e+09     7650.82         -0.02    2.27      2         0.93          -0.18        -0.02   0.81     1        0.93         -0.20
               1.785177e+09         NaN           NaN    0.59      1         0.73            NaN          NaN   0.41     1        0.74           NaN
               1.785177e+09         NaN           NaN    1.93      1         0.92            NaN          NaN   0.50     1        0.93           NaN
               1.785177e+09     8178.52         -0.02    0.98      1         0.72          -0.13        -0.12   0.40     1        0.73         -0.15
               1.785178e+09    10495.16          0.04    1.66      1         0.84           0.99         0.04   0.67     1        0.58          0.03
               1.785178e+09    10878.87          1.33    1.90      1         0.83           0.43         0.23   0.84     1        0.87         -0.03
               1.785178e+09    10961.25          0.25    1.04      1         0.91          -0.07        -0.25   0.51     1        0.92         -0.28
30618_6cb3280a 1.786378e+09     7088.33          0.17    2.47      2         0.91           0.04         0.17   1.16     1        0.91          0.03
               1.786378e+09     7650.68         -0.38    2.33      2         0.93          -0.17        -0.38   0.85     1        0.93         -0.19
               1.786378e+09     8089.93          0.07    0.52      1         0.77          -0.00         0.07   0.40     1        0.78         -0.01
               1.786378e+09    10112.09         -0.39    4.27      1         0.86          -0.33        -0.39   1.41     1        0.87         -0.33
               1.786378e+09    10497.26         -0.46    1.59      1         0.89          -0.45        -0.46   0.45     1        0.90         -0.45
               1.786378e+09    10879.82         -0.32    1.81      1         0.86          -0.67        -0.32   0.44     1        0.77         -0.63
               1.786378e+09         NaN           NaN    0.89      1         0.22            NaN          NaN   0.42     0        0.00           NaN
               1.786378e+09    11053.39         -0.09    0.94      1         0.39          -0.14        -0.09   0.39     1        0.37         -0.10
30618_a53d5f6f 1.787738e+09     3000.66          0.74    4.80      1         0.93          -0.04         0.74   2.47     1        0.92         -0.04
               1.787738e+09     3433.93          0.07    1.45      1         0.92          -0.23         0.07   0.64     1        0.91         -0.23
               1.787738e+09         NaN           NaN    1.40      1         0.88            NaN          NaN   0.49     1        0.89           NaN
               1.787738e+09         NaN           NaN    1.27      1         0.91            NaN          NaN   0.43     1        0.89           NaN
               1.787738e+09     4572.73         -0.63    2.03      1         0.45          -0.60        -0.63   0.58     0        0.00         -0.59
               1.787738e+09     4576.86         -0.66    2.04      1         0.92          -0.19        -0.66   0.59     1        0.90         -0.20
               1.787738e+09     4997.30         -0.20    1.91      1         0.92          -0.14        -0.20   0.56     1        0.93         -0.14
               1.787738e+09     4998.52         -0.12    0.35      1         0.52          -0.17        -0.12   0.33     1        0.50         -0.17
               1.787739e+09     5217.55         -0.15    1.39      1         0.92          -0.07        -0.15   0.42     1        0.93         -0.07
30618_b95ca60a 1.785142e+09     7650.71          0.09    2.29      2         0.93          -0.09         0.09   0.87     1        0.93         -0.11
               1.785142e+09     8081.27         -0.07    2.01      1         0.92          -0.01        -0.07   0.61     1        0.93         -0.04
               1.785143e+09    10496.81          0.19    1.67      1         0.88          -0.05         0.19   0.65     1        0.89         -0.05
               1.785143e+09    10879.44         -0.04    1.83      1         0.86          -0.38        -0.04   0.51     1        0.82         -0.36
               1.785143e+09         NaN           NaN    0.36      1         0.81            NaN          NaN   0.36     1        0.80           NaN
30618_dd8d0741 1.787734e+09    11052.69          0.01    1.09      1         0.33          -0.02         0.01   1.01     1        0.30         -0.02
               1.787734e+09    11052.69          0.01    1.01      1         0.30          -0.02         0.01   1.09     1        0.33         -0.02
               1.787734e+09      191.38          1.12    1.25      1         0.86           0.60         1.12   1.09     1        0.85          0.60
               1.787735e+09      881.51         -1.21    1.81      1         0.91          -0.36        -1.21   0.89     1        0.88         -0.40
               1.787735e+09     1508.80         -1.50    2.51      0         0.00          -1.46        -1.50   1.22     0        0.00         -1.53
               1.787735e+09         NaN           NaN    5.01      1         0.91            NaN          NaN   3.02     1        0.89           NaN
               1.787735e+09         NaN           NaN    2.38      2         0.93            NaN          NaN   1.74     1        0.93           NaN
               1.787735e+09     3577.98          0.02    1.20      1         0.52           0.04         0.02   0.52     1        0.17          0.03
               1.787735e+09     4321.33         -0.03    1.43      1         0.87          -0.13        -0.03   0.53     1        0.88         -0.13
               1.787735e+09     4576.87         -0.17    1.50      1         0.92          -0.07        -0.17   0.44     1        0.93         -0.07
               1.787736e+09     4997.29         -0.29    1.88      1         0.92          -0.19        -0.29   0.42     1        0.93         -0.19
               1.787736e+09     5217.71         -0.21    1.38      1         0.92          -0.16        -0.21   0.39     1        0.94         -0.16
30618_defd0170 1.788422e+09         NaN           NaN    1.06      1         0.52            NaN          NaN   1.16     1        0.49           NaN
               1.788422e+09         NaN           NaN    1.06      1         0.52            NaN          NaN   1.19     1        0.50           NaN
               1.788422e+09         NaN           NaN    1.16      1         0.49            NaN          NaN   1.06     1        0.52           NaN
               1.788422e+09         NaN           NaN    1.16      1         0.49            NaN          NaN   1.19     1        0.50           NaN
               1.788422e+09         NaN           NaN    1.19      1         0.50            NaN          NaN   1.06     1        0.52           NaN
               1.788422e+09         NaN           NaN    1.19      1         0.50            NaN          NaN   1.16     1        0.49           NaN
               1.788422e+09         NaN           NaN    3.72      1         0.85            NaN          NaN   3.47     1        0.83           NaN
               1.788422e+09         NaN           NaN    3.22      1         0.90            NaN          NaN   2.68     1        0.89           NaN
               1.788422e+09         NaN           NaN    3.26      2         0.91            NaN          NaN   2.52     1        0.91           NaN
               1.788422e+09         NaN           NaN    1.31      1         0.62            NaN          NaN   0.93     1        0.60           NaN
               1.788422e+09         NaN           NaN    2.38      2         0.92            NaN          NaN   1.15     1        0.92           NaN
               1.788422e+09         NaN           NaN    1.35      1         0.85            NaN          NaN   0.59     1        0.87           NaN
               1.788422e+09         NaN           NaN    1.54      1         0.92            NaN          NaN   0.49     1        0.93           NaN
               1.788422e+09         NaN           NaN    4.42      1         0.91            NaN          NaN   1.58     1        0.82           NaN
30618_e3d94878 1.785129e+09     7088.03          0.17    2.59      2         0.91           0.30         0.17   2.03     1        0.91          0.29
               1.785129e+09     7650.07          0.33    2.66      2         0.93           0.51         0.23   1.49     1        0.93          0.45
               1.785129e+09     8081.04          0.56    2.21      1         0.92           0.29         0.46   0.87     1        0.93          0.30
               1.785129e+09    10205.47          0.13    4.60      1         0.92          -1.16         0.23   1.95     1        0.90         -1.13
               1.785129e+09    10496.45         -1.25    1.77      1         0.85          -0.18        -1.25   0.95     1        0.75         -0.28
               1.785129e+09    10878.67         -0.07    1.92      1         0.86           0.02        -0.17   0.93     1        0.87         -0.01
30618_f19a4ac3 1.785164e+09     7650.32         -0.42    3.26      2         0.92           0.27        -0.42   2.58     2        0.92          0.19
               1.785164e+09     7657.16          0.14    1.18      1         0.71           0.00         0.04   0.92     1        0.72         -0.02
               1.785164e+09     8043.73          0.27    1.99      1         0.60           0.30         0.27   0.78     1        0.61          0.14
               1.785164e+09     8081.45          0.15    2.08      1         0.92          -0.08         0.05   0.58     1        0.93         -0.08
               1.785164e+09     8089.78         -0.08    0.56      1         0.78          -0.04        -0.08   0.39     1        0.79         -0.05
               1.785165e+09    10496.56          0.14    1.67      1         0.89           0.13         0.14   0.66     1        0.90          0.13
               1.785165e+09         NaN           NaN    0.90      1         0.93            NaN          NaN   0.40     1        0.92           NaN
               1.785165e+09         NaN           NaN    0.94      1         0.37            NaN          NaN   0.38     1        0.28           NaN
30639_2b4a6347 1.787728e+09         NaN           NaN    2.16      1         0.68            NaN          NaN   0.84     1        0.41           NaN
               1.787728e+09         NaN           NaN    1.25      1         0.91            NaN          NaN   0.92     1        0.84           NaN
               1.787728e+09         NaN           NaN    0.52      1         0.59            NaN          NaN   0.62     1        0.56           NaN
               1.787728e+09     7650.47         -0.17    2.26      2         0.93           0.02        -0.57   1.03     1        0.92         -0.06
               1.787728e+09     7818.89         -0.09    1.29      1         0.86          -0.04        -0.19   0.56     1        0.87         -0.08
               1.787728e+09         NaN           NaN    1.53      1         0.92            NaN          NaN   0.48     1        0.91           NaN
               1.787729e+09         NaN           NaN    2.54      1         0.93            NaN          NaN   0.64     1        0.92           NaN
30639_3b3d9eb8 1.777968e+09         NaN           NaN    0.89      1         0.88            NaN          NaN   0.65     1        0.87           NaN
               1.777968e+09         NaN           NaN    3.53      1         0.85            NaN          NaN   3.09     1        0.83           NaN
               1.777968e+09         NaN           NaN    2.24      2         0.91            NaN          NaN   1.63     1        0.91           NaN
               1.777968e+09         NaN           NaN    0.94      1         0.66            NaN          NaN   0.69     1        0.67           NaN
               1.777968e+09         NaN           NaN    7.66      1         0.90            NaN          NaN   6.17     1        0.87           NaN
               1.777968e+09         NaN           NaN    2.96      0         0.00            NaN          NaN   3.16     1        0.20           NaN
               1.777968e+09         NaN           NaN    2.59      1         0.91            NaN          NaN   1.14     1        0.87           NaN
               1.777969e+09         NaN           NaN    1.56      1         0.92            NaN          NaN   0.65     1        0.93           NaN
               1.777969e+09         NaN           NaN    1.92      1         0.91            NaN          NaN   0.57     1        0.92           NaN
               1.777969e+09         NaN           NaN    1.40      1         0.92            NaN          NaN   0.45     1        0.91           NaN
               1.777969e+09         NaN           NaN    1.03      1         0.64            NaN          NaN   0.37     0        0.00           NaN
30639_9c362687 1.777999e+09         NaN           NaN    4.19      1         0.70            NaN          NaN   3.98     1        0.66           NaN
               1.777999e+09         NaN           NaN    3.17      2         0.92            NaN          NaN   2.23     1        0.92           NaN
               1.778000e+09         NaN           NaN    0.97      1         0.92            NaN          NaN   0.51     1        0.91           NaN
30639_d927f360 1.787725e+09     5647.89          0.01    1.06      1         0.19          -0.01         0.01   1.01     1        0.17         -0.01
               1.787725e+09     5647.89          0.01    1.01      1         0.17          -0.01         0.01   1.06     1        0.19         -0.01
               1.787725e+09     5873.09          0.21    0.88      1         0.16           0.23         0.21   0.87     1        0.14          0.23
               1.787725e+09     6763.19          0.01    1.68      1         0.81           0.04         0.01   0.82     1        0.83          0.04
               1.787725e+09     7088.06         -1.66    1.78      1         0.85          -0.36        -1.66   0.75     1        0.48         -1.62
               1.787725e+09     7147.70         -0.40    1.00      1         0.63          -0.20        -1.70   0.79     1        0.28         -1.68
               1.787725e+09     7528.60          0.10    1.92      0         0.00           0.10        -1.80   1.07     0        0.00         -1.82
               1.787725e+09     7650.07          0.23    2.19      1         0.92           0.41        -1.87   1.16     1        0.68         -0.43
               1.787725e+09     7818.54          0.66    1.26      1         0.85           0.49        -0.24   1.36     1        0.84          0.21
               1.787725e+09     8081.24          0.86    1.52      1         0.91           0.51         0.66   0.79     1        0.91          0.23
               1.787726e+09    10203.94          2.46    4.41      1         0.91           0.51         2.46   1.64     1        0.83          0.68
               1.787726e+09    10797.61          0.69    2.43      0         0.00           0.70         0.99   1.40     0        0.00          1.01
               1.787726e+09    10878.66          0.64    2.58      1         0.86           0.23         1.04   1.44     1        0.84          0.29
               1.787726e+09    10960.88          0.02    1.01      1         0.93          -0.00         0.12   0.77     1        0.92          0.02
               1.787726e+09    11052.05         -0.35    0.98      1         0.09          -0.39        -0.35   0.53     0        0.00         -0.35

fix attempts that differ, cur vs oracle: 30 of 349
                             s_true_cur  err_pred_cur  sd_cur  n_cur  p_known_cur  err_after_cur  err_pred_oracle  sd_oracle  n_oracle  p_known_oracle  err_after_oracle
bag            t                                                                                                                                                        
30618_0f120b35 1.785152e+09         NaN           NaN    2.00      1         0.82            NaN              NaN       2.00         2            0.88               NaN
               1.785152e+09         NaN           NaN    0.72      1         0.89            NaN              NaN       0.85         1            0.91               NaN
30618_22c1c589 1.785172e+09    10960.85         -0.25    2.60      1         0.93          -0.09            -0.25       2.60         2            0.93             -0.27
               1.785172e+09    11053.54         -0.44    1.03      1         0.38          -0.39            -0.54       1.17         1            0.36             -0.59
30618_2366c74a 1.786385e+09    10957.96          0.14    2.01      1         0.84           1.26             0.14       2.01         2            0.88              1.02
               1.786385e+09    10958.57          1.43    0.67      1         0.89           1.85             1.23       0.82         2            0.88              1.71
               1.786385e+09    10960.59          1.71    0.51      1         0.71           1.26             1.51       0.73         1            0.83              0.90
               1.786385e+09    10999.80          2.70    0.77      0         0.00           2.72             2.40       0.83         0            0.00              2.35
               1.786385e+09    11026.39          2.41    0.90      0         0.00           2.48             2.11       0.96         0            0.00              2.11
               1.786385e+09        0.03          1.47    1.02      1         0.25           1.47             1.07       1.07         1            0.33              1.09
30618_2f104a1d 1.785136e+09    10960.81          0.09    2.60      1         0.93           0.07             0.09       2.60         2            0.93             -0.11
30618_616ec56b 1.785178e+09    10961.25          0.25    1.04      1         0.91          -0.07             0.25       1.04         2            0.91             -0.07
30618_6cb3280a 1.786378e+09         NaN           NaN    0.89      1         0.22            NaN              NaN       0.89         2            0.74               NaN
               1.786378e+09    11053.39         -0.09    0.94      1         0.39          -0.14             0.01       0.96         1            0.41              0.00
30618_b95ca60a 1.785143e+09         NaN           NaN    0.92      1         0.92            NaN              NaN       0.92         2            0.93               NaN
30618_dd8d0741 1.787734e+09    11052.69          0.01    1.09      1         0.33          -0.02             0.01       1.01         1            0.30             -0.02
               1.787734e+09    11052.69          0.01    1.01      1         0.30          -0.02             0.01       1.09         1            0.33             -0.02
30618_defd0170 1.788422e+09         NaN           NaN    1.06      1         0.52            NaN              NaN       1.16         1            0.49               NaN
               1.788422e+09         NaN           NaN    1.06      1         0.52            NaN              NaN       1.19         1            0.50               NaN
               1.788422e+09         NaN           NaN    1.16      1         0.49            NaN              NaN       1.06         1            0.52               NaN
               1.788422e+09         NaN           NaN    1.16      1         0.49            NaN              NaN       1.19         1            0.50               NaN
               1.788422e+09         NaN           NaN    1.19      1         0.50            NaN              NaN       1.06         1            0.52               NaN
               1.788422e+09         NaN           NaN    1.19      1         0.50            NaN              NaN       1.16         1            0.49               NaN
30618_e3d94878 1.785129e+09    10960.82         -0.12    0.95      1         0.92          -0.04            -0.12       0.95         2            0.93             -0.05
30618_f19a4ac3 1.785165e+09         NaN           NaN    0.90      1         0.93            NaN              NaN       0.90         2            0.93               NaN
30639_2b4a6347 1.787729e+09         NaN           NaN    2.54      1         0.93            NaN              NaN       2.54         2            0.93               NaN
30639_9c362687 1.778000e+09         NaN           NaN    0.97      1         0.92            NaN              NaN       0.97         2            0.92               NaN
30639_d927f360 1.787725e+09     5647.89          0.01    1.06      1         0.19          -0.01             0.01       1.01         1            0.17             -0.01
               1.787725e+09     5647.89          0.01    1.01      1         0.17          -0.01             0.01       1.06         1            0.19             -0.01
               1.787726e+09    10960.88          0.02    1.01      1         0.93          -0.00             0.02       1.01         2            0.93             -0.01
